0	1	4298118681424640000	7686695	385	3	3	1601	5521	7709	576	490234	1	3
0	1	4860571499428580000	21560664	37484	2	2	2255103	317	48989	44771	490234	1	3
0	1	9704320783495870000	21748480	36759	3	3	4532751	60721	685038	29681	490234	1	3
0	1	13677630321509000000	3517124	23778	3	1	1601	2155	1207	1422	490234	1	3
0	1	3284760244799600000	20758093	34535	1	1	4532751	77819	266618	222223	490234	1	3
0	1	10196385171799500000	21375650	36832	2	1	4688625	202465	457316	429545	490234	1	3
0	1	4203081172173600000	4427028	28647	3	1	4532751	720719	3402221	2663964	490234	1	3
0	1	4203081172173600000	4428493	28647	2	2	13171922	1493	11658	5668	490234	1	3
0	1	585474943700910000	20945590	35083	2	1	35143	28111	151695	128782	490234	1	3
0	1	9684554778607000000	21406020	36943	2	2	4688625	202465	1172072	973354	490234	1	3
0	1	4860571499428580000	21560710	37484	2	2	4165614	4107	338524	817824	490234	1	3
0	1	16955212292252900000	20730678	34364	2	2	35143	28111	587150	523997	490234	1	3
0	1	6912851286990250000	20936539	19186	2	1	34683	61158	81684	373859	490234	1	3
0	1	11896053558251200000	10295418	28179	3	2	4532751	720719	2405086	2008317	490234	1	3
0	1	6414307266338360000	21183505	35668	2	2	6259	234	15494	1608	490234	1	3
0	1	4860571499428580000	21560710	37484	2	2	4165614	4107	338524	572221	490234	1	3
0	1	11689327222955500000	21021375	27701	3	2	1601	2155	8580	8736	490234	1	3
0	1	10664591050012700000	20620168	30128	2	1	2255103	419	30486	8760	490234	1	3
0	1	10664591050012700000	20801912	30128	2	1	13171922	1493	3224	5611	490234	1	3
0	1	10664591050012700000	20443036	30128	2	1	4165614	31212	201749	170546	490234	1	3
0	1	10664591050012700000	21392028	30128	2	1	4165614	23791	72800	5369	490234	1	3
0	1	5755859435141370000	21498278	37333	2	1	12860333	5090	43504	40011	490234	1	3
0	1	14340390157469400000	4418786	23808	2	2	12860333	5090	3980	4306	490234	1	3
0	1	15145901239598200000	21894794	37932	2	2	34683	138007	531155	425543	490234	1	3
0	1	16531381574307500000	22103400	38592	2	1	6259	275	73124	74536	490234	1	3
0	1	14340390157469400000	10403103	23808	1	1	43742	10284	829	1025	490234	1	3
0	1	18040112485405700000	20908196	35088	3	1	0	0	43	50	6231944	1	3
0	1	10349468651765600000	21522776	37422	3	2	0	0	25	4	6231944	1	3
0	1	12057878999086400000	20157628	27961	3	3	0	0	7	14	6231944	1	3
0	1	14340390157469400000	9027238	23808	1	1	26769	643	74	94	11180034	1	2
0	3	14340390157469400000	9027238	23808	1	1	125	134	74	94	11180034	1	2
0	1	2010992269447710000	22141749	38772	2	2	402038	361	18146	17542	86056	1	4
0	2	7903914528320190000	20869452	2010	1	1	22647674	16416	31950	70	86056	1	4
2	3	2994924845956280000	20061280	23803	1	1	421	4989	106	73	86056	1	4
0	1	2010992269447710000	22141715	38772	3	3	166	443	20551	502	86056	1	4
0	1	6767824735022100000	21099585	8834	2	2	43928	65251	348890	57465	86056	1	4
0	1	15294836932684900000	21811282	36841	3	3	2043	1112	4517	6398	86056	1	4
0	1	7903914528320190000	21162422	1325	3	2	16382	24830	48371	51775	86056	1	4
0	1	7903914528320190000	20869452	2010	1	1	11630759	16416	31950	70	86056	1	4
0	1	14329749696151200000	22114161	38623	3	2	79	8392	15343	502	86056	1	4
0	1	1414030043541810000	21246163	1502	3	1	660	1725	459	601	86056	1	4
0	1	2002143058964980000	20945351	24124	3	1	1252	535	35257	55393	86056	1	4
0	2	8768382238365240000	22114263	38541	1	1	1295	7241	19634	18888	86056	1	4
0	1	2010992269447710000	22141716	38772	3	3	79	8392	15343	502	86056	1	4
0	1	1414030043541810000	21246163	1502	3	1	166	443	459	601	86056	1	4
0	1	7797031665819160000	20563185	5476	3	1	16382	8074	13039	9917	86056	1	4
0	1	1228700909106780000	4271311	23778	2	1	43928	189	99	132	86056	1	4
0	1	8288930363230600000	20915048	29706	3	3	1252	535	32309	251	86056	1	4
0	1	1046079478147810000	21920339	37956	1	1	10166	174	80	105	86056	1	4
0	1	12057878999086400000	20161720	27961	1	1	606246	12550	21054	20707	86056	1	4
0	1	14329749696151200000	22161594	38623	3	2	166	443	17942	17376	86056	1	4
0	1	15520892889295800000	2547220	25051	1	1	499592	429536	325336	63672	86056	1	4
0	1	5186556297366820000	20380386	33042	1	1	13948	4358	11477	12484	86056	1	4
0	1	12057878999086400000	20180353	27961	1	1	124	277	273	424	86056	1	4
0	1	8390751886332690000	20870006	854	2	1	527	41	12808	3450	86056	1	4
0	1	5468727571223080000	20001249	1381	3	1	79	95	1270	1488	86056	1	4
0	1	14340390157469400000	21163921	23808	3	2	1252	535	2691	38	86056	1	4
0	1	15294836932684900000	21811282	36841	1	1	3440	1034	2771	2614	86056	1	4
0	1	5468727571223080000	20001249	1381	2	1	402038	8056	115108	131926	86056	1	4
0	1	7903914528320190000	21162517	1325	3	2	660	1725	22	23	86056	1	4
0	1	14347859242938200000	21963780	33931	2	2	527	21851	92346	81314	86056	1	4
0	1	7903914528320190000	20869452	2010	1	1	22647673	16416	41130	85	86056	1	4
0	1	4945098023753990000	10766017	30157	2	2	323	174	16916	3550	86056	1	4
0	1	14340390157469400000	9027615	23808	1	1	521	341	315	433	86056	1	4
0	1	10245113888481100000	21102645	33296	2	1	323	174	567	744	86056	1	4
0	1	14340390157469400000	21163928	23808	1	1	86104	4216	13483	332	86056	1	4
0	1	3582452388644420000	21697766	13586	1	1	14739366	127404	379368	311247	86056	1	4
0	1	2994924845956280000	20061243	23803	1	1	159165	96469	132307	386	86056	1	4
0	1	15860193830590600000	2878230	23777	1	1	6	4	21	22	86056	1	4
0	1	5851252814446930000	21477679	28698	1	1	59	212	179	177	86056	1	4
0	1	14340390157469400000	20644076	23808	3	2	2043	2419	201	297	86056	1	4
0	1	12057878999086400000	20163505	27961	1	1	2453	1230	1143	1419	86056	1	4
0	1	8134264174510890000	10593106	1268	3	1	2043	1411	1175	2	86056	1	4
0	1	5468727571223080000	20001249	1381	3	3	660	1725	1463	1726	86056	1	4
0	1	12057878999086400000	22212266	29951	3	3	16382	181	42990	39521	86056	1	4
0	1	10143173997150200000	4413739	19986	2	2	888	89420	240198	64737	444906	1	3
0	1	14340390157469400000	3111508	23777	1	1	2593	205	156	231	444906	1	3
0	1	9751072248584610000	10939148	29713	2	2	86111	7418	8150	8294	444906	1	3
0	1	12459304665781100000	21431057	36677	2	1	374	5661	8964	9091	444906	1	3
0	1	352079062217605000	4276102	12739	1	1	921274	9	5550	5855	444906	1	3
0	1	12057878999086400000	20222970	27961	2	2	7252	102	352	1064	444906	1	3
0	1	5830600748260710000	4241441	21347	1	1	210612	4244	3138	1563	444906	1	3
0	1	12057878999086400000	20174614	27961	2	2	984	812	4634	5067	444906	1	3
0	1	9573487645018950000	1918047	1339	2	1	84	3433	2488	5368	444906	1	3
0	1	12057878999086400000	20222970	27961	2	2	7252	102	161	244	444906	1	3
0	1	14340390157469400000	6434981	23777	3	2	84	175	132	190	444906	1	3
0	1	352079062217605000	4276102	12739	1	1	921274	9	4893	5235	444906	1	3
0	1	12057878999086400000	20180595	27961	1	1	58706	117844	205875	215431	444906	1	3
0	1	12761937145908500000	21220411	2636	1	1	1034	124	537	712	444906	1	3
0	2	12459304665781100000	21431057	36677	2	1	7252	6368	37651	34775	444906	1	3
0	1	14340390157469400000	9027437	23808	2	1	374	19	20	20	444906	1	3
0	1	12459304665781100000	21431057	36677	2	2	374	2170	6178	6469	444906	1	3
0	3	12761937145908500000	21220411	2636	1	1	84	124	537	712	444906	1	3
0	2	14340390157469400000	9027437	23808	2	2	374	19	20	20	444906	1	3
0	1	12459304665781100000	21431057	36677	1	1	374	2170	6178	6469	444906	1	3
0	1	12761937145908500000	21220411	2636	1	1	866	124	537	712	444906	1	3
1	1	14340390157469400000	9027437	23808	2	1	24	19	20	20	444906	1	3
1	1	12459304665781100000	21431057	36677	2	1	984	6368	40643	37409	444906	1	3
0	1	6994056432724890000	10795232	19709	2	2	99164	613433	875888	1776500	444906	1	3
0	1	14340390157469400000	9027437	23808	1	1	374	19	20	20	444906	1	3
0	1	12459304665781100000	21431057	36677	2	2	24	5661	9045	9164	444906	1	3
0	1	5167663176066970000	10265253	11158	3	3	84	16282	12839	10893	444906	1	3
0	1	7359912825961010000	20210878	28514	3	1	84	13025	10797	7372	444906	1	3
0	1	12459304665781100000	21431057	36677	2	1	374	5661	9045	9164	444906	1	3
0	1	12459304665781100000	21431057	36677	2	1	86111	196775	690348	551504	444906	1	3
0	1	1990816154425580000	20720784	19556	2	1	99164	248992	2980325	2336769	444906	1	3
0	1	17804409838680100000	21220242	36030	2	2	84	124	2954	48818	444906	1	3
0	1	11578774603061600000	7788573	19812	2	1	888	26158	261148	232140	444906	1	3
0	1	1414030043541810000	20208966	1502	2	2	14927445	4782	438	28732	186522	1	3
0	1	7903914528320190000	21162342	1325	3	1	71893	3218	7067	10882	186522	1	3
0	1	5397391604378690000	22097556	38513	3	2	71893	62	1071	1489	186522	1	3
0	1	9824184422403820000	21491492	37323	3	3	71893	62	6874	3262	186522	1	3
1	2	12057878999086400000	20185528	27961	3	3	71893	2871	14493	15039	186522	1	3
0	5	8134264174510890000	4107256	1268	3	3	71893	95	398	531	186522	1	3
0	1	9824184422403820000	21491492	37323	3	2	71893	62	6874	3262	186522	1	3
0	2	12057878999086400000	20185528	27961	3	2	71893	2871	14493	15039	186522	1	3
0	3	8134264174510890000	4107256	1268	3	2	71893	95	398	531	186522	1	3
0	1	7903914528320190000	21162432	1325	3	1	71893	4782	16185	18302	186522	1	3
0	1	3843519291416540000	21354665	36752	3	3	71893	137	3353	3889	186522	1	3
0	1	18418084428458300000	21970096	5632	3	3	71893	15386	132537	175	186522	1	3
0	1	5468727571223080000	20001249	1381	2	1	71893	95	1298	1518	186522	1	3
0	1	7903914528320190000	21162432	1325	3	1	71893	4782	16344	18346	186522	1	3
0	1	5397391604378690000	22097556	38513	3	3	71893	62	1071	1489	186522	1	3
0	1	12057878999086400000	20185528	27961	2	1	71893	2871	14493	15039	186522	1	3
0	3	8134264174510890000	4107256	1268	2	2	71893	95	398	531	186522	1	3
0	1	7903914528320190000	21162432	1325	3	2	71893	4782	16185	18302	186522	1	3
0	1	5468727571223080000	20001249	1381	1	1	71893	95	1298	1518	186522	1	3
0	1	7903914528320190000	21162432	1325	2	1	71893	4782	16344	18346	186522	1	3
0	2	11538975116564800000	21204682	36035	3	3	71893	62	2295	5346	186522	1	3
0	1	1414030043541810000	2365389	1502	3	1	71893	107	155	428	186522	1	3
0	5	5468727571223080000	20001249	1381	3	1	71893	95	1298	1518	186522	1	3
0	2	7903914528320190000	21162432	1325	3	2	71893	4782	16344	18346	186522	1	3
0	1	12057878999086400000	20185528	27961	2	2	71893	2871	14493	15039	186522	1	3
0	1	7903914528320190000	21162492	1325	3	3	71893	163694	531437	2998	186522	1	3
0	1	7583003028210440000	20619964	33272	3	2	71893	1405	3540	224	186522	1	3
0	1	9972542528734920000	21944529	38141	3	3	71893	3288	32378	30143	186522	1	3
0	1	282757736623248000	21186478	35793	3	3	71893	137	557	1032	186522	1	3
0	1	7903914528320190000	21162412	1325	3	2	71893	22382	47818	48188	186522	1	3
0	1	3010475069228330000	21848420	35824	3	3	71893	3288	11050	11016	186522	1	3
0	3	7903914528320190000	21162412	1325	3	1	71893	22382	42728	36	186522	1	3
0	1	7903914528320190000	21162412	1325	2	1	14927445	22382	47818	48188	186522	1	3
0	1	6412234020381600000	21962494	38076	3	2	71893	62	2647	4222	186522	1	3
0	1	7903914528320190000	21162412	1325	3	2	71893	22382	42728	36	186522	1	3
0	1	7903914528320190000	21162412	1325	2	1	71893	22382	47818	48188	186522	1	3
0	1	6412234020381600000	21962494	38076	3	1	71893	62	2647	4222	186522	1	3
0	1	5468727571223080000	20001249	1381	3	2	71893	95	1270	1488	186522	1	3
0	1	7903914528320190000	21162412	1325	3	1	71893	22382	47818	48188	186522	1	3
0	1	15021153763824600000	22114291	33862	3	2	71893	10254	319657	226572	186522	1	3
0	4	5468727571223080000	20001249	1381	3	1	71893	95	1270	1488	186522	1	3
0	1	7583003028210440000	20970229	33272	3	3	71893	1405	3540	556	186522	1	3
0	3	1414030043541810000	2365389	1502	3	1	71893	107	155	241	186522	1	3
0	1	3843519291416540000	21354665	36752	2	2	71893	137	2776	3043	186522	1	3
0	1	7583003028210440000	20970229	33272	3	2	71893	1405	3540	556	186522	1	3
0	1	8134264174510890000	4116058	1268	2	2	71893	137	428	585	186522	1	3
0	2	14455482815231400000	22084704	38412	3	3	71893	62	3157	3596	186522	1	3
1	1	7903914528320190000	21162492	1325	3	2	71893	163694	573791	494585	186522	1	3
0	1	8134264174510890000	4116058	1268	3	2	71893	137	428	585	186522	1	3
0	1	10452428043152300000	20789535	34555	2	2	71893	62	3157	3596	186522	1	3
0	1	12057878999086400000	20185528	27961	3	3	71893	2871	2751	3414	186522	1	3
0	2	10452428043152300000	20789535	34555	3	3	71893	62	3157	3596	186522	1	3
0	1	12057878999086400000	20185528	27961	1	1	71893	2871	2751	3414	186522	1	3
0	2	12057878999086400000	20185528	27961	3	1	71893	2871	2751	3414	186522	1	3
0	3	12057878999086400000	20185528	27961	2	1	71893	2871	2751	3414	186522	1	3
0	4	12057878999086400000	20185528	27961	3	2	71893	2871	2751	3414	186522	1	3
0	1	12057878999086400000	20174584	27961	3	2	72166	5357	23710	28153	12565	1	5
0	2	7063154296769770000	20418741	33500	1	1	16177703	322	15342	1605	12565	1	5
0	1	8134264174510890000	10950991	1268	3	1	153532	99300	348021	2	12565	1	5
1	1	11624066761054900000	3373950	5962	2	2	98027	59143	147500	126880	12565	1	5
0	1	15294836932684900000	20877708	34037	2	2	125771	9753	82670	78232	12565	1	5
0	1	18054023944582900000	20591862	29479	2	1	119777	3652	22479	938	12565	1	5
0	1	5467921431274180000	10863414	30495	1	1	21617530	54911	300064	6820	12565	1	5
1	1	5851252814446930000	21478247	28698	2	1	6384288	2830	44263	23341	12565	1	5
0	4	14340390157469400000	3107867	23777	2	1	311802	201416	705675	564926	12565	1	5
0	1	9751072248584610000	10850123	29713	2	2	125771	14538	74284	105171	12565	1	5
0	1	5468727571223080000	20001293	1381	2	2	2741547	8822	102653	30870	12565	1	5
0	2	13503262172158700000	4308465	1185	2	1	10109221	1831	1192	216	12565	1	5
0	1	18054023944582900000	20591862	29479	2	2	11908	3652	22479	938	12565	1	5
0	1	5467921431274180000	10863414	30495	1	1	21263524	54911	300064	6820	12565	1	5
0	1	3823702657028050000	10805778	23649	2	2	12300	27276	99624	84182	12565	1	5
0	1	1367634389659670000	21400929	36897	3	1	7348986	50	1006	578	12565	1	5
0	1	4192533441706120000	20148856	2533	2	2	2741547	9208	10615	7745	12565	1	5
0	2	18054023944582900000	20591862	29479	2	2	15949248	3652	22479	938	12565	1	5
1	1	5851252814446930000	21477492	28698	1	1	367709	5338	149161	68436	12565	1	5
0	3	2384449023872310000	21344291	36639	1	1	270781	298367	3997631	66121	12565	1	5
0	1	5851252814446930000	21478247	28698	1	1	9529677	2830	81041	71971	12565	1	5
0	1	16362773697454000000	20171460	16896	1	1	22623621	28248	3565227	325451	12565	1	5
0	1	13756257544627600000	20587470	24354	2	2	2655983	11405	21967	20992	12565	1	5
0	1	18045561712109900000	21381843	35978	1	1	16844376	1114	2541	1021	12565	1	5
0	1	18054023944582900000	20591862	29479	3	2	119777	3652	22479	938	12565	1	5
0	1	11624066761054900000	3373962	5962	1	1	1012	2755	171	217	12565	1	5
1	1	11624066761054900000	3373988	5962	2	2	21855	6462	171	217	12565	1	5
0	3	11243521181800200000	21116980	35398	2	1	1721104	527	2288	6569	12565	1	5
0	1	14340390157469400000	3108181	23777	2	2	4115	58749	69391	62086	12565	1	5
0	1	4192533441706120000	20148856	2533	2	1	2741547	9208	10615	7745	12565	1	5
0	1	188491759790172000	21393586	24151	2	1	235587	1356	5003	5412	12565	1	5
0	1	12057878999086400000	20180629	27961	3	2	7348986	34	328	455	12565	1	5
0	3	4012259358233860000	3779003	20445	2	2	11939574	10281	62970	4798	12565	1	5
0	1	13393281957586200000	21193038	34178	2	2	119777	3652	29468	444	12565	1	5
0	1	5851252814446930000	21478247	28698	2	1	6384288	2830	81041	71971	12565	1	5
0	1	14340390157469400000	3108181	23777	2	2	3926109	58749	69391	62086	12565	1	5
0	1	18045561712109900000	21381843	35978	2	2	9232706	1114	2541	1021	12565	1	5
0	1	5468727571223080000	20002790	1381	2	2	9089572	88728	1554333	1409660	12565	1	5
0	1	11624066761054900000	3373959	5962	1	1	1656	2129	171	217	12565	1	5
0	1	16362773697454000000	21225298	16896	2	2	51769	187	887720	117041	12565	1	5
0	1	7251627201518250000	20665407	2011	2	1	12660854	9975	22877	443	12565	1	5
0	1	4298118681424640000	3699578	385	1	1	119777	24574	43022	39594	12565	1	5
0	1	12057878999086400000	20174565	27961	2	1	4115	2830	7881	9140	12565	1	5
0	1	11243521181800200000	21512676	35398	2	1	5903	178	423	973	12565	1	5
1	1	13684641249422700000	20024433	16248	1	1	17823083	43861	1819062	1613215	12565	1	5
0	2	13393281957586200000	21193038	34178	2	1	15949248	3652	29468	444	12565	1	5
0	1	7903914528320190000	21162425	1325	2	1	1748	4999	11565	13419	12565	1	5
0	1	14340390157469400000	3108181	23777	1	1	2251738	58749	69391	62086	12565	1	5
0	1	18160118819931000000	5085035	23298	3	2	7323	59922	1579	1846	12565	1	5
0	1	12057878999086400000	20174565	27961	2	1	3926109	2830	7881	9140	12565	1	5
0	1	7939314936098000000	21239905	2687	2	2	12778349	23102	20985	7380	12565	1	5
0	1	14340390157469400000	9027103	23808	3	3	7323	20486	129	184	12565	1	5
0	1	7903914528320190000	21162459	1325	2	2	4510798	45031	135381	119958	12565	1	5
0	1	5511132461021800000	2547348	10040	2	1	9089572	88728	491241	534774	12565	1	5
0	2	16057485344757000000	1849384	6943	2	1	51769	23463	23482	22907	12565	1	5
0	1	3587390226922060000	21115555	23279	1	1	23058009	230473	68792	1048105	12565	1	5
0	1	12057878999086400000	20174565	27961	3	1	4115	2830	7881	9140	12565	1	5
0	1	5755859435141370000	21498278	37333	2	2	57	23	12135	12024	12565	1	5
0	1	9652046596802690000	21302581	35623	2	1	318502	528	12923	9385	12565	1	5
0	1	15883819082848100000	20774450	33834	3	2	1772942	85048	264945	251945	12565	1	5
0	4	12057878999086400000	20174565	27961	2	2	3044128	2830	7881	9140	12565	1	5
1	1	724600454677967000	2934610	23778	1	1	578559	528	117	162	12565	1	5
0	1	14311874869977900000	21287505	36265	1	1	16358218	4736	147875	129542	12565	1	5
0	1	18418084428458300000	21970084	5632	3	3	153532	99300	1414179	175	12565	1	5
0	1	5079901068051390000	7667902	25928	2	1	125771	29602	91987	45653	12565	1	5
0	1	5269037234149060000	4419879	28309	3	3	125771	925	10394	10413	12565	1	5
0	1	10144440904974300000	4341157	8351	2	1	9232706	245	10991	11958	12565	1	5
0	1	4298118681424640000	3699578	385	2	2	119777	24574	43022	39594	12565	1	5
0	3	17989747235538100000	20395615	24036	2	1	2151131	294	824	615	12565	1	5
0	1	12057878999086400000	20222637	27961	2	1	11908	3652	14380	20560	12565	1	5
1	3	188491759790172000	21393586	24151	2	2	1721104	527	13974	14643	12565	1	5
0	1	5269037234149060000	4419879	28309	2	1	125771	925	10394	10413	12565	1	5
0	3	1597205592765520000	4422621	28372	2	1	11939574	13229	2158	14136	12565	1	5
0	1	4298118681424640000	3699578	385	3	3	119777	24574	43022	39594	12565	1	5
0	2	11363724247705400000	21096521	30405	1	1	16744356	948276	548155	2104817	12565	1	5
0	1	12057878999086400000	20222637	27961	1	1	3027900	3652	14380	20560	12565	1	5
0	1	5851252814446930000	21478247	28698	1	1	9529677	2830	9618	9732	12565	1	5
0	1	14531867648059300000	7144970	27484	2	1	21855	6462	110	387	12565	1	5
0	1	2815465365317580000	20719550	29998	2	2	235587	122724	257531	214905	12565	1	5
0	1	9652046596802690000	21302581	35623	2	1	134361	528	12923	25401	12565	1	5
0	2	17989747235538100000	20395615	24036	1	1	2151131	294	824	615	12565	1	5
0	1	2905101242613600000	20950051	35224	3	2	125771	3133	70507	41106	12565	1	5
0	1	14531867648059300000	7144980	27484	2	1	98027	59143	110	387	12565	1	5
0	1	9652046596802690000	21302581	35623	2	1	1623062	528	12923	25401	12565	1	5
0	1	724600454677967000	2934610	23778	2	1	896010	528	117	162	12565	1	5
0	1	12057878999086400000	20222637	27961	3	1	119777	3652	14380	20560	12565	1	5
0	1	12646797467727200000	20050335	7827	2	2	9867643	1343	30222	2717	12565	1	5
0	1	16362773697454000000	21225298	16896	2	2	51769	187	522138	119839	12565	1	5
0	1	13681983751932700000	21348857	36275	2	2	125771	925	894567	31472	12565	1	5
0	1	12057878999086400000	20222637	27961	2	1	119777	3652	14380	20560	12565	1	5
0	1	5468727571223080000	20002925	1381	2	2	896010	765	4776	6285	12565	1	5
0	1	12057878999086400000	20183781	27961	1	1	2456	4505	3935	4307	12565	1	5
0	1	1414030043541810000	2365389	1502	1	1	7036415	107	155	428	12565	1	5
0	1	15347157359829600000	10224507	23040	3	1	7323	28383	27619	1402	12565	1	5
0	1	6807466856501050000	21327538	22870	2	2	3028105	108364	204453	302799	12565	1	5
0	3	9881207773436750000	4332980	23778	2	1	57	23	13	21	12565	1	5
0	1	1414030043541810000	2365389	1502	2	1	4510798	107	155	428	12565	1	5
0	1	1837977472623120000	21401288	2291	2	2	1883	5420	10336	8309	12565	1	5
0	2	1837977472623120000	21401288	2291	2	2	1883	5420	9324	15274	12565	1	5
0	1	9979267714903880000	20218342	826	2	1	98565	150368	541130	438835	12565	1	5
0	1	12057878999086400000	20163230	27961	1	1	20020621	573165	1994106	1576771	12565	1	5
0	1	7939314936098000000	21240296	2687	2	2	98565	150368	745741	35547	12565	1	5
0	1	7903914528320190000	21162415	1325	2	2	4510798	56904	137183	153354	12565	1	5
0	1	3089000650796070000	21138903	14327	2	2	5903	178	685	4190	12565	1	5
0	4	5511132461021800000	2557264	10040	1	1	3555709	168132	526270	440766	12565	1	5
0	1	5079901068051390000	4320095	25928	2	1	3044128	918	3256	3654	12565	1	5
0	1	11800180453055500000	21408727	36892	3	3	7348986	50	3633	87	12565	1	5
0	2	15234713295054000000	3865209	23964	2	1	12300	4395	1931	4959	12565	1	5
0	1	12057878999086400000	20163153	27961	2	1	2655983	573165	1994106	1576771	12565	1	5
0	1	5079901068051390000	4320095	25928	2	2	3044128	918	3256	3654	12565	1	5
0	1	14340390157469400000	4821474	23777	3	1	72166	69513	86166	76360	12565	1	5
0	1	7903914528320190000	21162254	1325	2	2	12660854	3309	7699	10538	12565	1	5
0	1	8410382612868300000	21371406	36350	2	1	2741547	575	132189	20937	12565	1	5
0	1	3089000650796070000	20140368	14327	2	1	1721104	5013	367	631	12565	1	5
0	1	4298118681424640000	3704877	385	3	2	153532	99300	235998	199169	12565	1	5
0	2	9751072248584610000	10939482	29713	2	1	15807221	24628	41181	37895	12565	1	5
0	1	5468727571223080000	20002590	1381	3	1	125771	24403	104341	109504	12565	1	5
0	2	52605941700718100	3048011	23782	1	1	16530011	84	68	215	12565	1	5
0	1	8134264174510890000	4176358	1268	2	2	318502	528	2123	772	12565	1	5
0	1	7903914528320190000	21162254	1325	2	2	9526079	3309	7437	10239	12565	1	5
0	1	52605941700718100	3048011	23782	1	1	1770136	84	68	215	12565	1	5
0	1	4192533441706120000	20445193	2533	2	1	125771	29602	156486	261368	12565	1	5
0	1	4707845098036750000	21156603	15110	1	1	19943780	394	9294	9598	12565	1	5
0	2	52605941700718100	3048011	23782	1	1	19137910	997	713	215	12565	1	5
0	1	9559057496671390000	21140733	20459	2	1	3028105	30002	60363	56152	12565	1	5
0	1	4707845098036750000	21156603	15110	1	1	532283	394	9294	9598	12565	1	5
0	2	52605941700718100	3048011	23782	1	1	16091956	84	68	215	12565	1	5
0	1	15234713295054000000	3514662	23964	1	1	18748943	258561	35053	6575	12565	1	5
0	3	12641801342391300000	4261384	27064	2	2	2151131	1635	7295	9115	12565	1	5
0	1	6419561452391550000	21870809	37625	1	1	29898	17687	55734	50490	12565	1	5
0	1	7251627201518250000	20665407	2011	2	1	9526079	9975	22390	135	12565	1	5
1	1	11624066761054900000	3373128	5962	2	2	9865910	26385	24956	23598	12565	1	5
0	4	682819316213637000	21345286	36690	1	1	25564107	1257	852	203	12565	1	5
0	1	14340390157469400000	20639989	23808	1	1	2655983	11405	20956	20107	12565	1	5
0	2	15234713295054000000	3499927	23964	1	1	31018	110115	32115	3202	12565	1	5
0	1	2713640143032280000	4332108	8894	2	1	9865910	9714	942	1240	12565	1	5
0	1	12057878999086400000	20157270	27961	3	2	2251738	737	645	1013	12565	1	5
0	1	17255231891971400000	21910920	38052	2	2	49174	1487	132673	18422	12565	1	5
0	1	11243521181800200000	21512676	35398	2	1	13985	178	452	964	12565	1	5
0	1	12057878999086400000	20157270	27961	3	2	7209019	737	645	1013	12565	1	5
0	1	9241464876335380000	20945129	35176	2	1	4580	13295	218863	233539	12565	1	5
0	1	6411001402319330000	20505787	16539	2	1	325078	128634	36623	27988	12565	1	5
0	1	12057878999086400000	20157270	27961	1	1	13949512	737	645	1013	12565	1	5
0	1	7424363919133610000	1542518	12760	3	3	1772942	7178	101615	89684	12565	1	5
0	1	10531200227160300000	9020179	16779	2	2	12300	71844	224	1514322	12565	1	5
0	1	12057878999086400000	20157270	27961	2	2	2251738	737	645	1013	12565	1	5
1	1	11363724247705400000	20048421	30405	2	1	1883	5420	16917	17727	12565	1	5
0	1	16716330505220800000	10391723	14103	1	1	2867329	2830	59241	228	12565	1	5
0	1	12057878999086400000	20157270	27961	3	2	2867329	737	645	1013	12565	1	5
0	1	3089000650796070000	21138903	14327	1	1	235587	563	685	41077	12565	1	5
0	1	16716330505220800000	10391723	14103	3	3	2251738	2830	59241	228	12565	1	5
0	1	14319660901836500000	21191966	3420	2	2	13985	10670	19662	18919	12565	1	5
0	2	14340390157469400000	9027637	23808	2	2	57	397	108	146	12565	1	5
1	1	16716330505220800000	10391723	14103	2	2	4115	2830	59241	228	12565	1	5
0	1	11730731270930500000	4366661	2237	2	2	12563	16707	15256	14656	12565	1	5
0	1	12863387703186300000	21156762	29934	3	1	1772942	7178	40929	21764	12565	1	5
0	1	16716330505220800000	10391723	14103	3	3	7209019	2830	59241	228	12565	1	5
0	1	15266486362761800000	4366661	2237	2	2	12563	16707	15256	14656	12565	1	5
0	1	15989049276530800000	20315050	23824	2	2	1748	4999	11608	140	12565	1	5
0	4	16716330505220800000	10391723	14103	2	1	3044128	2830	59241	228	12565	1	5
0	1	3089000650796070000	21138903	14327	2	2	325078	178	399	1671	12565	1	5
0	1	5468727571223080000	20001242	1381	2	1	9867643	5430	46096	23322	12565	1	5
0	1	16716330505220800000	10391723	14103	3	3	2867329	2830	59241	228	12565	1	5
0	3	3089000650796070000	21138903	14327	1	1	25619615	178	1958	1671	12565	1	5
0	1	8134264174510890000	4176358	1268	2	2	1623062	528	2123	2793	12565	1	5
0	1	11624066761054900000	3373601	5962	3	3	72166	5357	6997	7184	12565	1	5
0	1	12057878999086400000	20157283	27961	1	1	7960	513	815	1259	12565	1	5
0	1	8134264174510890000	4176358	1268	2	2	134361	528	2123	2793	12565	1	5
0	2	11624066761054900000	3373601	5962	2	2	6384288	5357	6997	7184	12565	1	5
0	2	12057878999086400000	20164625	27961	2	2	15807221	35324	108433	114420	12565	1	5
0	2	14170743816979100000	3923540	1998	2	1	12563	563	3943	121611	12565	1	5
0	1	11624066761054900000	3373601	5962	3	1	2867329	5357	6997	7184	12565	1	5
0	1	4707845098036750000	21156603	15110	1	1	19943779	394	7251	7558	12565	1	5
0	1	3807598008549730000	20966974	2380	2	1	49174	10406	16340	15883	12565	1	5
0	1	16716330505220800000	10391723	14103	3	2	4115	2830	59241	228	12565	1	5
0	1	4298118681424640000	3051562	385	2	2	1721104	10670	452495	172	12565	1	5
0	1	16258649554399900000	21230452	36220	2	2	4580	13295	246615	362	12565	1	5
1	1	11624066761054900000	3373601	5962	1	1	57159	5357	6997	7184	12565	1	5
0	2	4707845098036750000	21156603	15110	2	2	10109221	394	7251	7558	12565	1	5
0	1	1414030043541810000	2365389	1502	2	1	4510798	107	155	241	12565	1	5
0	1	16716330505220800000	10391723	14103	2	2	3926109	2830	59241	228	12565	1	5
0	1	4707845098036750000	21156603	15110	1	1	2124	394	7251	7558	12565	1	5
2	2	11363724247705400000	20048421	30405	2	1	1883	5420	26362	135979	12565	1	5
0	1	11624066761054900000	3373601	5962	2	1	4115	5357	6997	7184	12565	1	5
0	1	9012990428506730000	1045664	116	2	2	98565	82185	111220	10506	12565	1	5
0	1	17341804353615500000	20387276	30213	1	1	24894267	14751	16385	159	12565	1	5
0	1	11624066761054900000	3373601	5962	3	3	4115	5357	6997	7184	12565	1	5
0	1	9012990428506730000	1045664	116	2	1	12778349	82185	111220	10506	12565	1	5
0	1	11624066761054900000	3373601	5962	1	1	68286	5357	6997	7184	12565	1	5
0	1	9012990428506730000	1045664	116	2	1	98565	82185	111220	10506	12565	1	5
0	1	11624066761054900000	3373601	5962	2	1	2251738	5357	6997	7184	12565	1	5
0	4	11624066761054900000	3373601	5962	2	2	311802	5357	6997	7184	12565	1	5
0	1	11624066761054900000	3373601	5962	3	1	2251738	5357	6997	7184	12565	1	5
0	1	16716330505220800000	10391723	14103	1	1	3044128	2830	59241	228	12565	1	5
0	1	11624066761054900000	3373601	5962	3	1	7209019	5357	6997	7184	12565	1	5
0	1	11624066761054900000	3373601	5962	2	1	3926109	5357	6997	7184	12565	1	5
0	1	7536841130902040000	21765592	34619	1	1	19195250	54	1091	1298	2640020	1	1
0	1	13771105145726600000	21205778	35349	2	1	732	38	7613	5063	2640020	1	1
0	1	8161476754738060000	20218357	5776	2	2	436	123	114302	97500	2640020	1	1
0	1	8134264174510890000	4176348	1268	2	1	1560	351	501	304	2640020	1	1
0	1	2454698764158570000	1610168	9773	2	1	436	123	1049174	698501	2640020	1	1
0	1	9685311741858010000	4063054	1969	2	1	17962	2188	4165	4683	2640020	1	1
0	1	1414030043541810000	20144399	1502	2	2	732	38	234	344	2640020	1	1
0	1	9167181650862940000	21487878	37330	2	2	1560	406	1782	1405	2640020	1	1
0	1	7903914528320190000	21162541	1325	2	2	17962	406	12127	14047	2640020	1	1
0	1	14415681608498100000	20916687	34292	1	1	4110	12544	25991	24560	16870828	1	3
0	1	10349468651765600000	21522776	37422	3	1	0	0	26	28	7938970	2	4
0	1	12057878999086400000	20157587	27961	3	3	0	0	7	14	7938970	2	4
0	1	18040112485405700000	20908196	35088	3	2	0	0	43	50	7938970	2	4
1	1	2994924845956280000	20061261	23803	1	1	45634	2497	11007	8188	16870833	1	2
0	1	12057878999086400000	20180703	27961	1	1	524	538	793	1285	16870836	1	4
0	1	14340390157469400000	10110402	23808	1	1	57292	35	58	10	16870843	1	4
0	1	999105727583572000	10867958	30428	1	1	16620134	11628	10745	10746	11180075	1	3
0	1	12638635711295100000	10795521	30316	1	1	16620136	52614	55977	159275	11180075	1	3
0	1	12089732170889000000	20658754	4218	2	1	2858	1034	2463	35251	11180076	1	3
0	1	14340390157469400000	3106857	23777	2	2	2858	1034	5954	6243	11180076	1	3
0	1	12057878999086400000	20157164	27961	2	2	35829	15994	45052	9209	11180080	2	5
0	1	14340390157469400000	3062817	23777	2	1	35829	25846	60575	54572	11180080	2	5
0	2	8374971958388240000	20813902	4832	1	1	5821	1375	1185	1567	16870897	1	3
0	1	12234056809710500000	21787000	37359	1	1	14	26	67	84	16870899	1	3
0	1	14367432555742900000	21093934	28130	1	1	824	7031	11171	10950	11180100	1	4
0	1	1716835715540070000	21472132	37240	1	1	819342	2484	4306	5134	11180100	1	4
0	1	15234713295054000000	4206491	23964	2	1	6413	7411	7584	8487	11180109	1	3
0	1	9624759550716740000	21329692	36434	2	2	6413	7411	506711	411721	11180109	1	3
0	1	10963464630516500000	2697466	15347	2	2	10518669	6721	13775	16404	2640026	1	3
0	1	3786175884385240000	4243860	18057	2	2	768915	214420	1166793	942921	2640026	1	3
0	1	12057878999086400000	20185662	27961	2	1	10518669	152592	335300	295754	2640026	1	3
0	1	12057878999086400000	20164767	27961	1	1	20782071	6721	27289	29813	2640026	1	3
0	1	302748339406562000	21327283	36301	1	1	2697288	18570	124942	272427	2640026	1	3
0	1	12057878999086400000	20185729	27961	1	1	1244189	152592	335300	295754	2640026	1	3
1	1	13198061389688800000	7458189	5134	2	2	168271	110098	157345	143904	2640026	1	3
0	1	10678953049434600000	4323459	27146	2	1	168271	6050	29030	31194	2640026	1	3
1	1	17660291893445400000	20292641	14394	2	1	768915	8150	2455976	1909380	2640026	1	3
0	1	2733857070874650000	4326287	16640	1	1	25166337	942	1420	1945	16870912	1	3
0	2	6698372748400850000	4330592	12258	2	2	13782928	44839	112516	114174	11180116	1	4
0	2	12605227935968600000	4332403	21869	2	1	13782928	31439	48363	49570	11180116	1	4
0	1	4774481492345200000	21329799	36540	2	2	151	92	1067	1652	7939019	2	5
0	2	12057878999086400000	20157091	27961	2	1	151	138	145	234	7939019	2	5
0	1	4774481492345200000	21329799	36540	2	2	151	92	10346	10370	7939019	2	5
0	1	9012980267211670000	21167095	35857	3	2	6806	14673	40001	39051	7939020	1	4
0	1	2434756320065270000	20119868	29273	3	3	6806	177	481	636	7939020	1	4
0	1	15005909604118000000	21961573	33268	3	1	6806	2470	3646	3967	7939020	1	4
0	1	12057878999086400000	20192652	27961	2	2	6	4	39	55	7939027	2	4
0	1	15860193830590600000	2878230	23777	2	1	6	4	21	22	7939027	2	4
0	1	7549253980486560000	3855118	22299	1	1	2403	729	129097	39362	16870981	1	3
0	1	4128633349142470000	20975187	35306	1	1	12	345	773	1018	16870985	2	5
0	1	5851252814446930000	21477566	28698	2	1	33492	12763	3107130	2433019	639945	2	5
0	1	2961301599190010000	21249757	36352	2	1	11887	14852	48668	45266	639945	2	5
0	1	14340390157469400000	21163921	23808	2	2	10931644	756	3875	38	639945	2	5
0	1	14340390157469400000	9027314	23808	2	2	334021	6	70	89	639945	2	5
0	1	12057878999086400000	20163505	27961	2	1	940457	756	20137	20096	639945	2	5
0	1	837312417951454000	21197901	33965	2	2	940457	6	6494	7600	639945	2	5
0	1	6228784066129290000	3923541	1998	1	1	30614	1073	1014	1575	639945	2	5
0	1	14340390157469400000	21163921	23808	2	2	940457	756	4030	39	639945	2	5
0	1	14340390157469400000	21163921	23808	2	2	940457	756	3875	38	639945	2	5
0	2	14340390157469400000	9027314	23808	2	2	34	6	70	89	639945	2	5
0	1	14340390157469400000	21163925	23808	2	2	33492	4268	14711	148	639945	2	5
0	1	7850237080689740000	21367817	36641	2	1	940457	6	29848	7319	639945	2	5
0	1	5664657886268470000	21442138	37070	2	2	11887	3876	145661	73832	639945	2	5
0	1	10600145366713300000	20596036	23040	2	1	940457	12763	48850	1802	639945	2	5
0	2	7850237080689740000	21367817	36641	2	2	334021	6	29848	7319	639945	2	5
0	1	10600145366713300000	20596036	23040	2	1	940457	12763	45317	3023	639945	2	5
0	1	10600145366713300000	20596036	23040	2	1	10931644	12763	48850	1802	639945	2	5
0	1	2002143058964980000	20945355	24124	2	2	940457	756	609087	509253	639945	2	5
0	3	7903914528320190000	21372569	2010	2	1	334021	6	137	345	639945	2	5
0	1	8288930363230600000	20915048	29706	2	2	940457	6	705	251	639945	2	5
0	2	7903914528320190000	21372569	2010	2	1	34	6	146	372	639945	2	5
0	1	7903914528320190000	21372569	2010	2	2	3690950	6	137	345	639945	2	5
0	1	4298118681424640000	8054650	385	2	1	940457	27425	26151	322	639945	2	5
0	1	7903914528320190000	21372569	2010	2	1	334021	6	146	372	639945	2	5
0	1	2002143058964980000	20188717	24124	2	2	334021	969	508	255	639945	2	5
0	1	2002143058964980000	20188717	24124	2	1	3690950	969	508	255	639945	2	5
0	1	6040512961117840000	20881710	30218	1	1	409174	11869	10371	13023	2330963	2	4
0	1	2072442388551360000	6797098	10433	3	3	777745	70918	789319	633968	2330963	2	4
0	1	3409970952768410000	10867790	29603	2	1	777745	187	73539	77373	2330963	2	4
0	1	5120683440510460000	8676749	1268	2	1	166734	1900	150	35	2330963	2	4
0	1	11100038013803100000	10615645	26651	2	1	777745	187	12348	7127	2330963	2	4
0	1	5452482342025380000	21163456	35810	2	2	166734	62	6458	502	2330963	2	4
0	1	17717717616943100000	20815481	30119	3	2	777745	187	6560	7484	2330963	2	4
0	1	11100038013803100000	10615645	26651	2	2	777745	187	12348	7127	2330963	2	4
0	1	17717717616943100000	20815481	30119	2	2	777745	187	6560	7484	2330963	2	4
0	1	11100038013803100000	10615645	26651	3	1	777745	187	12348	7127	2330963	2	4
0	1	15234713295054000000	3500009	23964	2	1	85180	18168	35902	35233	355950	1	3
0	2	3672146191748640000	21346740	36724	2	2	85180	8138	33939	39785	355950	1	3
0	1	16604442479597100000	8389379	11706	2	2	10920101	10383	31167	29135	355950	1	3
0	1	9279176529507930000	10810895	23649	3	3	18958	18109	62486	62312	355950	1	3
0	1	15234713295054000000	3500014	23964	2	1	1033534	8138	18887	19456	355950	1	3
0	1	4298118681424640000	7828037	385	2	2	1033534	110501	159373	48	355950	1	3
0	1	15234713295054000000	4183452	23964	3	1	484725	59676	218971	198598	355950	1	3
0	1	3672146191748640000	21346736	36724	3	2	484725	124811	285366	255927	355950	1	3
0	1	15366517485002200000	4319682	10611	1	1	85180	8138	57809	51803	355950	1	3
0	1	7903914528320190000	20623375	2012	2	1	8978223	815	1326	493	355950	1	3
0	1	15234713295054000000	3500009	23964	1	1	2659964	18168	35902	35233	355950	1	3
0	1	15234713295054000000	3500014	23964	3	1	1033534	8138	18887	19456	355950	1	3
0	1	4298118681424640000	7825189	385	2	2	85180	75527	100267	48	355950	1	3
0	1	9279176529507930000	10673598	23649	3	3	484725	59676	295648	303834	355950	1	3
0	1	7989232423963920000	4404476	21065	2	1	10920101	44969	102580	14433	355950	1	3
0	2	15234713295054000000	3500014	23964	2	1	85180	8138	18887	19456	355950	1	3
0	1	4298118681424640000	7827733	385	1	1	3369929	65793	81052	48	355950	1	3
0	1	3672146191748640000	21346682	36724	3	2	18958	14819	61449	64975	355950	1	3
0	1	15234713295054000000	3500014	23964	1	1	20076053	8138	18887	19456	355950	1	3
0	1	4298118681424640000	7825189	385	3	3	1033534	75527	100267	48	355950	1	3
0	1	3672146191748640000	21346682	36724	2	2	18958	14819	61449	64975	355950	1	3
0	2	15234713295054000000	3500014	23964	2	2	4363173	8138	18887	19456	355950	1	3
0	1	9684554778607000000	21405916	36943	2	2	40466	72372	1113	1314	355950	1	3
0	2	12057878999086400000	20163161	27961	1	1	20276802	35145	62299	67496	355950	1	3
0	1	15234713295054000000	3500014	23964	2	2	40466	8138	18887	19456	355950	1	3
0	1	15047769167056700000	20952400	854	2	2	8978223	74535	223638	167437	355950	1	3
0	2	7771884441258270000	20108617	32367	2	1	4363173	16645	397	64	355950	1	3
0	1	15234713295054000000	3500014	23964	2	2	85180	8138	18887	19456	355950	1	3
0	1	3672146191748640000	21346589	36724	2	1	40466	72372	211345	201155	355950	1	3
0	1	7771884441258270000	20108617	32367	2	1	85180	16645	397	64	355950	1	3
0	1	15234713295054000000	3500014	23964	3	1	18958	8138	18887	19456	355950	1	3
0	1	3672146191748640000	21346716	36724	3	2	1033534	125714	253353	272479	355950	1	3
0	1	7771884441258270000	20108617	32367	2	1	3369962	16645	397	64	355950	1	3
0	1	15234713295054000000	3500014	23964	2	1	18958	8138	18887	19456	355950	1	3
0	1	7771884441258270000	20108617	32367	2	1	12111288	16645	397	64	355950	1	3
0	1	15234713295054000000	3500014	23964	2	2	12111288	8138	18887	19456	355950	1	3
0	1	7771884441258270000	20108617	32367	2	1	40466	16645	397	64	355950	1	3
0	1	15234713295054000000	3500014	23964	2	2	3369962	8138	18887	19456	355950	1	3
0	1	14340390157469400000	3107038	23777	2	1	158550	115839	259928	216438	719769	1	2
0	1	14340390157469400000	3126882	23777	1	1	17974362	1274	1659	1915	719769	1	2
0	1	8134264174510890000	10951033	1268	1	1	1281	116	92	2	719769	1	2
0	1	15294836932684900000	21385393	36841	2	2	2390	451	2486	2740	719769	1	2
0	2	5708212745550300000	20079159	29981	1	1	38159	595638	3857003	3018846	719769	1	2
0	1	12057878999086400000	20183662	27961	1	1	16790236	17608	15050	19890	719769	1	2
1	1	4298118681424640000	21866035	385	2	1	5382799	678035	2391986	1872619	719769	1	2
0	1	9740463035797750000	21421367	11536	2	2	281	6914	24186	22912	719769	1	2
1	1	4298118681424640000	21866035	385	2	1	5382799	678035	2785776	2953411	719769	1	2
0	1	14340390157469400000	7112986	23777	2	1	2390	451	954	1154	719769	1	2
1	2	14340390157469400000	20643978	23808	2	2	5382799	883	250	358	719769	1	2
0	1	15859647530187300000	4285952	23778	3	3	8340992	4511	19	66	719769	1	2
0	1	6324020793843800000	20711342	27500	3	2	8340992	21019	87054	38509	719769	1	2
0	1	2525487418626660000	20593445	33524	1	1	21663950	1533	410	243	719769	1	2
1	1	13416878294870400000	3066490	23786	2	1	281	375	246	115	719769	1	2
0	1	1729963849377380000	9583713	23637	3	1	8340992	27601	166	96	719769	1	2
0	1	2525487418626660000	20593445	33524	2	1	12434840	1533	410	243	719769	1	2
0	1	3029113635936630000	4385046	24973	2	2	12434840	328292	2570	67076	719769	1	2
0	1	14340390157469400000	9027437	23808	1	1	877	19	20	20	719769	1	2
0	1	2525487418626660000	20593445	33524	1	1	21663956	1533	410	243	719769	1	2
0	1	14340390157469400000	9027458	23808	1	1	25665189	767	195	284	719769	1	2
0	1	12057878999086400000	20192652	27961	2	2	158550	115839	486198	428258	719769	1	2
0	1	2525487418626660000	20593445	33524	1	1	21311598	1533	410	243	719769	1	2
0	1	2525487418626660000	20593445	33524	1	1	21663951	1533	410	243	719769	1	2
0	1	6228784066129290000	3923594	1998	1	1	4988925	199310	472636	10993	6231997	1	3
0	1	6228784066129290000	4269474	1998	1	1	12611383	1808	3535	10780	6231997	1	3
0	1	14531867648059300000	21770596	27482	1	1	18593	15385	12726	6	6231997	1	3
0	2	14170743816979100000	3923594	1998	1	1	4988925	199310	298	772279	6231997	1	3
0	1	6324020793843800000	20711339	27500	2	1	3804214	2988	1918	5534	11180173	1	3
0	1	9601765396790280000	20054316	23802	2	2	3804214	1361	1375	1946	11180173	1	3
0	1	14340390157469400000	21163924	23808	2	1	341	94	445	62	3029476	1	5
0	1	18336461635143500000	10359574	23470	3	3	29552	308	20825	10414	3029476	1	5
0	1	9600496215003750000	20812949	30119	1	1	24339	1139	6629	5499	3029476	1	5
0	1	5279923881196400000	20887107	34951	2	2	341	94	3858	509	3029476	1	5
0	1	2137528403495600000	20218301	23801	1	1	4	7	48	58	3029476	1	5
0	2	8335105002517450000	20582549	33524	1	1	4	56	51	129	3029476	1	5
0	1	15234067465152800000	21369740	16951	3	2	29552	157	4567	5035	3029476	1	5
0	1	5062556743530350000	4211134	23407	3	1	29552	1025	4473	5284	3029476	1	5
0	1	1995291787819580000	21571686	29479	1	1	249317	86229	213945	99601	16871036	1	4
0	1	15856218436570700000	20707991	34166	3	2	3425	1067	2836	3655	4130482	1	3
0	1	1588398947362900000	20894532	22119	3	1	3425	1067	76964	68516	4130482	1	3
0	1	6414307266338360000	21248429	35668	2	2	15	10	368	496	4130482	1	3
0	1	10783930467716700000	21474779	37237	3	3	3425	1067	58098	52453	4130482	1	3
1	1	7903914528320190000	21162526	1325	2	1	15	10	22	23	4130482	1	3
1	1	6414307266338360000	21248429	35668	1	1	64	10	368	496	4130482	1	3
0	1	7703279069701540000	9306687	4983	2	1	6006	15294	664335	530325	11180198	1	3
0	1	17412969714469500000	7117384	2105	2	2	6006	15294	21000	19374	11180198	1	3
0	1	3894284877186630000	21437059	32574	2	1	3644397	98	182	263	280151	1	2
0	1	5851252814446930000	21477817	28698	3	1	48643	58138	1526094	1208472	280151	1	2
0	1	2653676686516630000	21300081	6236	1	1	110917	3459	6588	2543	280151	1	2
0	1	1335936110380380000	20599534	33847	2	2	3205740	533210	3657959	2618961	280151	1	2
0	1	14985848955287700000	10612196	28837	1	1	18308722	9284	671	862	280151	1	2
0	1	11488048192441900000	22096406	38446	3	2	48643	537	175298	820	280151	1	2
0	1	3284404528059560000	20573163	4820	3	3	2542080	216	2675	3478	280151	1	2
0	1	12057878999086400000	20163506	27961	2	2	251284	14843	17670	18166	280151	1	2
0	1	14783621470167000000	21818129	37696	3	2	20059	19966	153595	3535	280151	1	2
0	1	14531867648059300000	21783669	27482	2	2	15822	7760	169605	6	280151	1	2
0	1	3894284877186630000	21437059	32574	1	1	23164585	98	182	263	280151	1	2
0	1	2653676686516630000	21300081	6236	1	1	23021239	3459	6588	2543	280151	1	2
0	1	10309024480928900000	4389783	5255	1	1	17830046	13963	2419	2663	280151	1	2
0	1	12057878999086400000	20192676	27961	2	2	3644397	1058	1520	2118	280151	1	2
0	1	3894284877186630000	21437059	32574	1	1	23164583	98	182	263	280151	1	2
0	1	14340390157469400000	9027614	23808	1	1	22471689	14118	138	198	280151	1	2
0	1	14340390157469400000	4468256	23777	1	1	18831	2173	1532	1617	280151	1	2
0	1	15859647530187300000	4291071	23778	1	1	24853347	439	11	24	280151	1	2
0	1	3894284877186630000	21437059	32574	2	1	13760364	98	182	263	280151	1	2
0	1	7953863969799810000	20450026	5058	1	1	8240039	7760	36787	14141	280151	1	2
0	1	14340390157469400000	4468256	23777	1	1	2316893	2173	1532	1617	280151	1	2
0	1	15859647530187300000	4291071	23778	2	1	86198	439	11	24	280151	1	2
0	1	14399505795670200000	2909590	23778	2	1	3205740	608	85	113	280151	1	2
0	1	14340390157469400000	9027524	23808	2	2	86198	1671	754	950	280151	1	2
0	1	2002143058964980000	20061303	24124	3	3	48643	58138	1746012	10784	280151	1	2
0	1	2026193842199850000	21388821	927	2	1	4138767	43653	560836	468600	280151	1	2
0	1	12057878999086400000	20185489	27961	1	1	4144	46	227	366	280151	1	2
0	1	634096554380595000	4273004	9406	3	3	20059	47266	113042	105932	280151	1	2
0	1	5851252814446930000	21478243	28698	2	1	251284	185792	1227874	633441	280151	1	2
0	1	12057878999086400000	20185489	27961	2	2	1610	46	227	366	280151	1	2
0	1	1481847885264200000	10402613	26244	2	2	4138767	43653	159836	167635	280151	1	2
0	1	14340390157469400000	9027553	23808	2	1	1610	2551	14	18	280151	1	2
0	2	12057878999086400000	20185489	27961	1	1	1610	46	227	366	280151	1	2
0	1	11659373614241500000	20934248	34882	3	2	2542080	6703	17519	4127	280151	1	2
0	1	6360809004806350000	21888981	18209	3	1	2542080	216	5148	5475	280151	1	2
0	1	2026193842199850000	21388547	927	3	1	20059	57175	161735	7155	280151	1	2
0	1	16689374305059600000	20450026	5058	2	1	15822	7760	40754	4934	280151	1	2
0	1	10309024480928900000	4387042	5255	1	1	17830419	7935	3185	3464	280151	1	2
0	1	5103335732153790000	10405659	29900	2	2	13760364	98	23	26	280151	1	2
0	1	10309024480928900000	4387042	5255	1	1	17830418	7935	3185	3464	280151	1	2
0	1	7903914528320190000	21162421	1325	2	1	3458	9766	33689	34094	11180215	1	4
0	1	1414030043541810000	20208966	1502	2	2	3458	9766	1490	70439	11180215	1	4
0	1	12057878999086400000	20185489	27961	2	2	224	27	192	292	6232015	1	5
0	1	14340390157469400000	9027557	23808	2	2	224	552	14	18	6232015	1	5
0	1	6050965040518700000	9467555	20789	2	1	224	1360	666	1780	6232015	1	5
0	1	14340390157469400000	9027549	23808	2	1	224	27	14	18	6232015	1	5
0	1	10726002060893100000	20036558	23800	1	1	127	49	44	312	11180240	1	4
0	1	14340390157469400000	20640000	23808	1	1	30	69	52	61	11180240	1	4
0	1	14340390157469400000	10110405	23808	1	1	439081	305	697	10	7939079	1	4
0	1	16414352211043500000	21832851	37305	2	1	43	6737	11000	10983	3514806	1	3
0	1	15234713295054000000	3622973	23964	1	1	1115219	169784	280301	232050	3514806	1	3
0	1	1046079478147810000	21910913	37956	2	2	43	3194	29	156	3514806	1	3
0	1	16414352211043500000	21832851	37305	1	1	43	6737	11000	10983	3514806	1	3
0	1	16414352211043500000	21832851	37305	1	1	65979	40318	120743	105177	3514806	1	3
0	1	4569684565248840000	10396906	29138	2	2	259073	912	21671	20776	7939083	1	3
1	1	7993452971844900000	21386281	27134	2	1	259073	206028	22836	21762	7939083	1	3
0	2	8119057108691810000	20876635	34760	1	1	68	100	34	40	16871100	1	3
0	1	7903914528320190000	21022565	2010	2	1	207	1503	2283	2988	11180247	1	4
0	1	2692859619851280000	4351079	2051	2	2	207	1512	1056	1261	11180247	1	4
0	1	12057878999086400000	20149056	27961	2	2	14455510	3468	30042	76318	2076098	1	3
1	1	11945817081717700000	8604986	12755	2	1	2200248	1886	2885	3622	2076098	1	3
0	1	10569420993541300000	20684830	34019	2	2	14455509	35835	133537	22570	2076098	1	3
0	1	12057878999086400000	20149056	27961	2	1	14455509	3468	30042	76318	2076098	1	3
0	1	7903914528320190000	21162257	1325	2	1	14455510	360	876	1587	2076098	1	3
0	1	2378826825669560000	21862397	37789	1	1	19466957	23318	502799	513725	2076098	1	3
0	1	2061296188583320000	6372738	387	2	1	14455511	3468	209256	126	2076098	1	3
0	1	12057878999086400000	20180629	27961	1	1	541113	34	624	832	2076098	1	3
0	1	15872675460105800000	3211657	7598	1	1	24145035	238954	443852	316295	2076098	1	3
0	1	15852505606667100000	20684758	34019	2	2	14455511	3468	156047	106436	2076098	1	3
0	1	6203550892805090000	21347194	36730	2	2	2200248	1886	9972	11847	2076098	1	3
0	1	7703279069701540000	21299640	4983	1	1	14	26	38	51	11180265	1	4
0	1	7703279069701540000	21299640	4983	1	1	14	26	38	798	11180265	1	4
0	1	4128633349142470000	20975307	35306	1	1	160	475	9776	12131	4130492	1	3
0	1	7391531180177230000	20691803	34245	2	1	10463	2654	39769	2677	4130492	1	3
1	1	1733973074806230000	20691803	34245	2	1	10463	2654	37821	3688	4130492	1	3
0	2	1729963849377380000	9583732	23637	2	2	10463	2654	2664	185	4130492	1	3
0	1	7391531180177230000	20691803	34245	2	1	146287	10921	39769	2677	4130492	1	3
0	1	1729963849377380000	9583735	23637	2	2	146287	10921	2664	123	4130492	1	3
0	1	14399505795670200000	2911720	23778	3	1	150679	37	81	107	7939099	1	3
0	1	7625223757749540000	22130126	38449	3	2	150679	37	8603	24339	7939099	1	3
1	1	5056878957337430000	21393329	36880	3	3	150679	46347	90948	2785	7939099	1	3
0	1	13756257544627600000	10959067	24354	2	1	1030	2562	23060	58433	11180271	1	4
0	1	4517396212946760000	20054405	23793	2	2	1030	100928	59	264	11180271	1	4
0	1	14340390157469400000	21360122	23777	1	1	7676	930	11375	399	935014	1	3
0	1	2692859619851280000	4336676	2051	1	1	692	1192	799	981	935014	1	3
0	1	8134264174510890000	10593105	1268	1	1	872	909	1259	2	935014	1	3
0	1	17972854083595400000	21400873	25400	2	2	431	583	4948	5324	935014	1	3
0	1	13243640383761200000	20900491	2401	1	1	1709	599	1502	1213	935014	1	3
0	1	16695787066084400000	2138706	17529	2	1	277	14214	28631	27108	935014	1	3
0	1	7045961931166940000	22089472	8452	1	1	965	5794	9372	9488	935014	1	3
0	1	8237260085557050000	10958650	30683	2	2	277	2122	65078	59749	935014	1	3
0	1	14340390157469400000	4448308	23777	1	1	20694	11136	7329	6977	935014	1	3
0	1	10885290142387900000	3617181	12994	1	1	728	3955	29378	30327	935014	1	3
0	1	18393495272147000000	4638432	1976	1	1	121	1495	13718	5680	935014	1	3
0	1	3369633485674670000	10613078	26244	1	1	784	1835	2170	1707	935014	1	3
0	1	9517104270512930000	20187835	6240	2	1	431	583	974	1181	935014	1	3
0	1	10077122932051000000	21220157	2154	1	1	1327	892	16573	5000	935014	1	3
0	1	5511132461021800000	4329534	10040	1	1	938	3388	2723	3249	935014	1	3
0	1	1670940579033910000	20330665	33157	2	1	9980	9314	50482	1052	11180293	2	5
0	1	12012218713126700000	21247896	36292	2	2	9980	58645	400054	215596	11180293	2	5
0	1	12057878999086400000	20163598	27961	2	2	11485077	1919	15513	17445	1004985	2	4
0	1	17588002207465300000	21329470	16587	2	1	11485077	1919	33441	2818	1004985	2	4
0	1	2692859619851280000	4212764	2051	1	1	2504162	290	278	56	1004985	2	4
0	1	14340390157469400000	3063124	23777	2	2	3141808	459128	1085231	856370	1004985	2	4
0	1	2692859619851280000	4212764	2051	2	1	3141808	290	278	56	1004985	2	4
0	1	16716330505220800000	10603066	14103	1	1	175177	289255	9318	228	7939118	1	3
0	1	12057878999086400000	20183726	27961	2	2	1328	2366	2470	3264	6232043	1	4
0	1	8335105002517450000	20582549	33524	1	1	198210	393	297	671	6232043	1	4
0	1	8335105002517450000	20582549	33524	1	1	442798	2102	3399	6871	6232043	1	4
0	1	5103335732153790000	10405659	29900	2	1	1328	33	23	26	6232043	1	4
0	1	8134264174510890000	10593105	1268	1	1	2155	1744	1120	2	16871185	1	3
0	1	12057878999086400000	20192678	27961	1	1	297548	2224	4252	10697	11180333	2	5
0	1	12057878999086400000	20192678	27961	1	1	297548	2224	2865	3653	11180333	2	5
0	1	10197696174677400000	20360958	33146	2	1	345	4427	22325	21326	11180334	1	4
0	1	10197696174677400000	20360958	33146	2	1	345	4427	22325	21326	11180334	1	4
0	1	15371104936403800000	20569747	11676	2	2	345	7461	10723	10755	11180334	1	4
1	2	6324020793843800000	20711337	27500	1	1	22143629	3630	5161	2705	5069869	2	3
0	1	15145480155589000000	21927072	23807	2	2	619	979	30	32	5069869	2	3
0	1	5555421584074220000	20985422	35238	1	1	19314754	32237	421480	783272	5069869	2	3
0	1	6324020793843800000	20711337	27500	1	1	22150533	3630	5161	2705	5069869	2	3
0	1	6324020793843800000	20711335	27500	2	1	619	979	2442	1584	5069869	2	3
0	1	17393237724058000000	4611276	23389	1	1	1967	215	82899	85268	16871196	1	3
0	1	13276704655813600000	20052682	88	2	1	25702	245	3391	2766	872615	1	3
0	1	14340390157469400000	10445905	23808	2	2	25702	16508	254	363	872615	1	3
0	1	2002143058964980000	20188693	24124	2	2	26	52	710	912	872615	1	3
0	1	5468727571223080000	20000476	1381	2	1	551	1608	4058	4391	872615	1	3
1	1	7903914528320190000	21162526	1325	2	1	15	10	24	25	872615	1	3
0	1	15969982169866600000	21249862	2235	2	1	25702	16508	5409	5712	872615	1	3
0	1	7903914528320190000	21162514	1325	1	1	2071	36	22	23	872615	1	3
0	1	13276704655813600000	20052682	88	2	2	25702	245	3391	2766	872615	1	3
0	1	14340390157469400000	10445919	23808	2	2	9398	14444	254	363	872615	1	3
0	1	14531867648059300000	21815482	27485	1	1	72	8	176	338	872615	1	3
0	1	7903914528320190000	21162514	1325	2	1	22	36	22	23	872615	1	3
0	1	13276704655813600000	20052682	88	2	1	9398	245	3391	2766	872615	1	3
0	1	11059051090555500000	21203159	33938	2	2	551	1608	8811	4994	872615	1	3
1	2	7903914528320190000	21162526	1325	1	1	64	10	22	23	872615	1	3
0	1	1414030043541810000	21246154	1502	2	2	15	10	76	101	872615	1	3
0	1	11917549558620900000	21797368	26269	1	1	8436433	1336	15290	504	872615	1	3
0	1	5468727571223080000	4214364	1381	2	2	22	36	374	711	872615	1	3
0	1	15145480155589000000	21927077	23807	2	1	26	52	66	86	872615	1	3
0	1	999105727583572000	10870947	30428	1	1	10550626	456	2056	2283	872615	1	3
0	1	999105727583572000	20389186	30428	1	1	10550626	456	26374	24727	872615	1	3
0	1	16574027435663600000	2335546	18989	2	2	2496867	123	7759	7929	11180342	1	4
0	1	17820565486630300000	21512693	37288	2	1	2496867	123	156519	8289	11180342	1	4
0	1	2419917267627440000	21381193	18587	2	2	15054	26233	121012	105550	7939135	1	4
0	1	13176739392768700000	20879030	19561	1	1	15054	10300	18648	22224	7939135	1	4
1	1	13176739392768700000	20879030	19561	2	1	15054	10300	18648	22224	7939135	1	4
0	1	3583186794558260000	21402172	36906	1	1	30359	1783	1141	6220	16871208	1	3
0	2	18339091974847600000	21425206	36893	2	2	49132	50188	426706	266	1387632	2	2
0	1	14347859242938200000	21963774	33931	2	2	7691	934	14202	13941	1387632	2	2
0	1	15407193391317500000	20320351	22347	1	1	6718	3336	11114	11163	1387632	2	2
0	1	6539424021056510000	3219148	23777	2	2	10	54	57	72	1387632	2	2
0	1	14347859242938200000	21963774	33931	1	1	1725	934	14202	13941	1387632	2	2
0	1	7903914528320190000	21022589	2010	2	1	971487	164969	447729	393152	1387632	2	2
0	1	11800180453055500000	21408764	36892	2	1	49132	9649	104284	9275	1387632	2	2
0	1	15407193391317500000	20320351	22347	2	1	7691	749	81656	78603	1387632	2	2
0	1	8848021695083070000	20287134	2387	2	2	971487	6353	28518	27890	1387632	2	2
0	1	12234056809710500000	21787000	37359	2	1	10	4	67	84	1387632	2	2
0	1	7484333488664580000	21209371	34691	1	1	2	11	71	93	1387632	2	2
0	1	1801977777000790000	20015617	22397	1	1	6971	3336	183535	37819	1387632	2	2
0	1	11800180453055500000	21408764	36892	2	1	49132	9649	162827	9888	1387632	2	2
0	2	1801977777000790000	20015617	22397	1	1	6971	3336	51259	37819	1387632	2	2
0	1	12057878999086400000	20192651	27961	1	1	653	677	1232	3089	16871226	1	3
0	1	15234713295054000000	3499993	23964	1	1	804583	24228	67626	66926	16871233	1	4
0	1	8119057108691810000	20876635	34760	1	1	68	100	34	40	11180366	1	4
0	1	13982610483312800000	21425385	591	2	1	616	1989	9739	829	11180377	2	4
0	1	7555268236784510000	21439569	36883	2	2	616	22	18019	16645	11180377	2	4
1	1	11363724247705400000	20124460	30405	2	1	107938	97399	993452	747719	11180386	1	3
0	1	9183313717529750000	9306753	4983	2	2	107938	291566	924674	740937	11180386	1	3
0	1	9069302951596740000	20945653	35231	3	1	6536338	7742	5652	6968	7939179	1	2
0	1	4298118681424640000	7568283	385	3	3	6536338	1043	11647	9900	7939179	1	2
0	1	14347859242938200000	21963775	33931	3	2	6536338	1043	58043	52399	7939179	1	2
0	1	18159200729487400000	21339150	24687	2	1	1055947	126827	315623	445	11180411	1	4
0	1	2717892555067510000	3340251	10465	2	2	1055947	43134	45438	85781	11180411	1	4
0	1	11038660142914500000	22095836	38505	1	1	19950422	16239	44366	441	16871289	1	3
0	1	7718107921866420000	21481598	10647	2	2	17325	1206	238345	199890	1521586	1	4
0	1	2994924845956280000	20061291	23803	3	3	198445	159	24002	73	1521586	1	4
0	1	8994557070508570000	20030150	23799	2	1	1215859	580	15	19	1521586	1	4
0	2	11274636798287900000	20612666	23808	2	1	152985	52306	114059	1145	1521586	1	4
0	1	14340390157469400000	3126747	23777	1	1	20318722	5332	10587	10596	1521586	1	4
0	1	10772309288448500000	21211745	34202	2	1	1664	10087	2257	1058	1521586	1	4
0	2	12057878999086400000	20183659	27961	1	1	5231016	2725	1709	1976	1521586	1	4
0	1	5468727571223080000	20002590	1381	2	1	17325	1206	1937	2182	1521586	1	4
0	1	15822134238473900000	20144355	23804	3	1	198445	159	2422	2970	1521586	1	4
0	1	12057878999086400000	20183659	27961	1	1	16509067	2725	1709	1976	1521586	1	4
0	1	11315908569713100000	20044331	18070	3	2	198445	3075	220	324	1521586	1	4
0	2	17412969714469500000	7117360	2105	2	2	152985	16665	62377	62289	1521586	1	4
0	1	8893439702406560000	21205790	29914	2	2	1215859	47	1482	456	1521586	1	4
0	1	2692859619851280000	4341178	2051	2	2	1664	33426	35812	33227	1521586	1	4
0	1	7877361752466280000	21119286	35491	2	1	75225	201696	1544624	1193	6232067	1	5
0	1	16655045096913600000	21803171	37711	2	2	75225	201696	1000211	462	6232067	1	5
0	1	7877361752466280000	21119455	35491	2	2	24450	22724	646896	546672	6232067	1	5
0	1	8538806424761830000	21647365	37471	2	1	24450	22724	174187	588	6232067	1	5
0	2	12057878999086400000	20192678	27961	1	1	16506752	29258	77447	123298	11180451	1	4
0	1	13475356637420800000	4424132	28699	1	1	3767	36372	4636	5017	11180451	1	4
0	1	13243640383761200000	20900495	2401	1	1	6617	8091	14136	15704	16871319	1	5
0	1	14340390157469400000	21163925	23808	1	1	88567	13482	23569	120	6232079	1	3
0	1	8119057108691810000	20876579	34760	1	1	497229	226870	34	40	6232079	1	3
1	1	52605941700718100	3048011	23782	1	1	640	965	605	215	6232079	1	3
0	1	40348142911428200	20878817	33884	1	1	20799453	63	5694	7031	6232079	1	3
0	1	14340390157469400000	9027637	23808	2	2	13310347	610	108	146	11180461	1	3
0	1	14340390157469400000	21360098	23777	2	1	13310347	397	416	473	11180461	1	3
0	1	2385431732375960000	4224233	1367	1	1	6022956	581	653	945	11180465	1	4
0	1	4605529115599760000	21246202	6017	1	1	23809333	7027	24943	19966	11180465	1	4
0	1	5888277431783330000	7955169	6520	1	1	327856	1727	1537	2058	16871369	1	3
0	1	11315908569713100000	20311330	18070	2	1	10	140	433	714	6232094	1	5
0	1	9806838428950880000	21811772	37737	2	1	85207	15667	20909	46925	6232094	1	5
0	1	13756257544627600000	10959064	24354	2	2	10	140	1045	259	6232094	1	5
0	1	6419561452391550000	21870809	37625	2	2	85207	3210	49472	45207	6232094	1	5
0	1	15234713295054000000	2610501	23964	2	1	32943	20120	3059	20417	7939222	1	3
0	1	12057878999086400000	20163506	27961	1	1	62494	681	1975	2410	7939222	1	3
0	1	8143110366772580000	4258205	10611	2	2	32943	36839	70620	63992	7939222	1	3
0	1	14340390157469400000	3111401	23777	1	1	3620575	3521	2291	2529	11180505	1	3
0	1	9004035880665270000	20595493	33800	1	1	1750	779	741	991	11180505	1	3
0	1	16826652067437700000	4354085	24159	2	2	2706	256	194	276	6232101	2	4
0	2	17048721173511700000	4422966	24162	2	2	96090	16	158	210	6232101	2	4
0	1	14340390157469400000	6434912	23777	2	1	2706	16	36	44	6232101	2	4
0	2	14340390157469400000	6434912	23777	2	1	96090	16	36	44	6232101	2	4
0	1	5511132461021800000	20589102	10040	1	1	226	666	476	152	16871397	1	4
0	1	8335105002517450000	20575572	33524	1	1	686958	10554	12703	243	11180523	1	3
0	1	12057878999086400000	20164354	27961	1	1	35791	30897	43460	49943	11180523	1	3
0	1	12057878999086400000	20174694	27961	2	2	11563	67428	92630	90779	3029502	1	5
0	1	4618291735949550000	21455676	20625	3	2	5255	8639	3812	5580	3029502	1	5
1	1	14202400320781900000	20898354	27503	3	1	119396	136309	720272	581104	3029502	1	5
0	1	14340390157469400000	3207171	23777	3	3	5255	23101	30230	28343	3029502	1	5
0	1	14340390157469400000	3109524	23777	2	1	11563	15570	23570	22402	3029502	1	5
0	1	4618291735949550000	21455676	20625	3	2	119396	136309	3812	5580	3029502	1	5
1	1	1603520731749560000	21938724	33204	3	3	119396	165037	640332	70009	3029502	1	5
0	1	2033749971394010000	21506022	32461	3	1	5255	8639	44078	37491	3029502	1	5
0	1	7010385989455110000	9584310	23637	2	2	2022	10616	287046	155	2330976	2	1
0	2	14340390157469400000	10110402	23808	1	1	18311147	35	58	10	2330976	2	1
0	1	15859647530187300000	4291071	23778	2	1	2022	25	11	24	2330976	2	1
0	1	14340390157469400000	9027213	23808	2	1	5	1	0	0	2330976	2	1
0	2	12057878999086400000	20192678	27961	1	1	893038	2729	4631	6041	2330976	2	1
0	4	14340390157469400000	9027213	23808	2	1	1	1	0	0	2330976	2	1
0	1	14340390157469400000	10110402	23808	1	1	10281952	35	58	10	2330976	2	1
0	1	12057878999086400000	20185489	27961	1	1	19935121	55	75	108	2330976	2	1
0	4	2670952723278900000	20172874	23805	2	2	1	3	35	16	2330976	2	1
0	1	2670952723278900000	20172874	23805	2	2	5	3	35	16	2330976	2	1
0	1	2412771796110460000	20067148	23781	1	1	1984	1819	8	1	6232110	2	1
0	1	17363854844105000000	20017078	23798	1	1	64199	33883	4	41187	6232110	2	1
0	1	5345544339361680000	5858719	23796	1	1	75	179	6	12	6232110	2	1
0	1	2412771796110460000	20067148	23781	1	1	230	1819	8	1	6232110	2	1
0	1	16779283424019600000	3137320	1671	1	1	17451795	13086	93590	20034	16871426	2	3
0	1	14340390157469400000	10397173	23808	2	2	4744801	1236	949	1150	4130533	2	3
1	1	15859647530187300000	4291071	23778	2	1	4744801	613	11	24	4130533	2	3
0	1	12057878999086400000	20192652	27961	1	1	238261	1058	2378	6203	7939248	2	1
0	1	4663412568713960000	21783761	27316	2	2	14463	51048	123914	4487	7939248	2	1
0	1	7478846755880750000	10752080	30219	2	1	14463	8250	5381	105911	7939248	2	1
0	1	13756257544627600000	20587654	24354	2	1	966482	415	593	771	11180547	1	4
0	1	9573487645018950000	1918047	1339	2	2	966482	793	1824	2488	11180547	1	4
0	1	5851252814446930000	21477563	28698	2	2	46	77	22445	21405	11180568	1	3
0	1	2002143058964980000	20945323	24124	2	1	46	77	3234	6657	11180568	1	3
0	1	2434756320065270000	21173861	29273	1	1	8011	7402	98	69	11180588	1	4
0	1	2994924845956280000	20061278	23803	1	1	404	14849	12153	73	11180588	1	4
0	1	7903914528320190000	21162262	1325	1	1	1161	774	1887	3175	16871484	1	3
0	1	12057878999086400000	20159008	27961	1	1	2909482	293	264	427	678024	1	2
0	1	14151235179447000000	10388930	28961	3	2	16523	36263	376338	218997	678024	1	2
1	1	3902477925057100000	4838891	19509	3	2	144626	30132	1638651	1232212	678024	1	2
0	1	14340390157469400000	9027549	23808	2	1	9872452	27	14	18	678024	1	2
0	2	2412771796110460000	20067144	23781	1	1	16636986	826	8	1	678024	1	2
0	1	6827915306444180000	20074891	22307	1	1	17581998	554237	1514438	1200241	678024	1	2
1	1	6827915306444180000	20603184	22307	3	1	16523	36263	383714	236674	678024	1	2
0	1	3902477925057100000	4838873	19509	3	2	8385057	2090	86537	80535	678024	1	2
1	1	11740157478565600000	20075195	22307	3	1	5612648	789416	2854414	2840194	678024	1	2
1	1	18211107578815800000	4260876	19512	3	1	8385057	2090	35874	37850	678024	1	2
0	1	11578774603061600000	7788174	19812	3	2	5612412	71179	310273	256062	678024	1	2
0	1	10143173997150200000	4413652	19986	3	1	5612412	44637	896699	373186	678024	1	2
0	1	2571542825897220000	21872868	11355	3	3	16523	59239	629987	508653	678024	1	2
0	1	2412771796110460000	20067139	23781	1	1	44146	236	8	1	678024	1	2
0	1	6827915306444180000	20074891	22307	3	3	5612412	554237	1514438	1200241	678024	1	2
0	1	18211107578815800000	4260880	19512	3	1	144626	36509	2353029	1847993	678024	1	2
0	1	8859068455762770000	21021706	13254	3	2	5612720	67108	389479	268690	678024	1	2
0	1	6579763274329260000	21291209	19784	3	3	144626	58216	991207	764763	678024	1	2
0	1	3359800740913120000	21488490	37211	3	3	5612720	22137	112618	175951	678024	1	2
0	1	12057878999086400000	20185439	27961	2	2	9872452	27	548	740	678024	1	2
0	1	15453016255118900000	21713690	28228	3	3	8385057	2090	24437	23148	678024	1	2
0	1	17416456869218600000	20553447	7795	3	1	5612720	67108	643181	519079	678024	1	2
0	1	2571542825897220000	21872870	11355	3	2	5612648	16417	78575	69875	678024	1	2
0	1	16643103246036400000	21790502	37652	3	3	5612648	973240	2854492	2246004	678024	1	2
